 53 0.0000000000000004
 52 0.0000000000000009
 51 0.0000000000000018
 50 0.0000000000000036
 50 0.0000000000000071
 49 0.0000000000000142
 47 0.0000000000000284
 46 0.0000000000000568
 45 0.0000000000001137
 44 0.0000000000002274
 43 0.0000000000004547
 43 0.0000000000009095
 41 0.0000000000018190
 40 0.0000000000036380
 39 0.0000000000072760
 38 0.0000000000145519
 37 0.0000000000291038
 36 0.0000000000582077
 36 0.0000000001164153
 35 0.0000000002328306
 33 0.0000000004656613
 32 0.0000000009313226
 31 0.0000000018626451
 30 0.0000000037252903
 29 0.0000000074505806
 28 0.0000000149011612
 27 0.0000000298023224
 27 0.0000000596046448
 26 0.0000001192092896
 25 0.0000002384185791
 24 0.0000004768371582
 23 0.0000009536743164
 22 0.0000019073486328
 21 0.0000038146972656
 19 0.0000076293945312
 18 0.0000152587890625
 17 0.0000305175781250
 17 0.0000610351562500
 15 0.0001220703125000
 14 0.0002441406250000
 13 0.0004882812500000
 12 0.0009765625000000
 12 0.0019531250000000
 10 0.0039062500000000
 9 0.0078125000000000
 9 0.0156250000000000
 8 0.0312500000000000
 6 0.0625000000000000
 5 0.1250000000000000
 4 0.2500000000000000
 4 0.5000000000000000
