6 0.0000000000000004
6 0.0000000000000009
6 0.0000000000000018
6 0.0000000000000036
6 0.0000000000000071
6 0.0000000000000142
6 0.0000000000000284
6 0.0000000000000568
6 0.0000000000001137
6 0.0000000000002274
6 0.0000000000004547
6 0.0000000000009095
6 0.0000000000018190
6 0.0000000000036380
6 0.0000000000072760
5 0.0000000000145519
5 0.0000000000291038
5 0.0000000000582077
5 0.0000000001164153
5 0.0000000002328306
5 0.0000000004656613
5 0.0000000009313226
5 0.0000000018626451
5 0.0000000037252903
5 0.0000000074505806
5 0.0000000149011612
5 0.0000000298023224
5 0.0000000596046448
5 0.0000001192092896
5 0.0000002384185791
5 0.0000004768371582
5 0.0000009536743164
5 0.0000019073486328
5 0.0000038146972656
4 0.0000076293945312
4 0.0000152587890625
4 0.0000305175781250
4 0.0000610351562500
4 0.0001220703125000
4 0.0002441406250000
4 0.0004882812500000
4 0.0009765625000000
4 0.0019531250000000
4 0.0039062500000000
3 0.0078125000000000
3 0.0156250000000000
3 0.0312500000000000
3 0.0625000000000000
0 0.1250000000000000
0 0.2500000000000000
0 0.5000000000000000
