2 0.0000000000000002 1.9999999999999998 2.0943951023931953 0.0943951023931953
4 1.8137993642342178 0.1862006357657822 2.0045597549844207 0.0045597549844207
8 1.9663166787658921 0.0336833212341079 2.0002691699483877 0.0002691699483877
16 1.9926838315307693 0.0073161684692307 2.0000165910479359 0.0000165910479359
32 1.9982880169641724 0.0017119830358276 2.0000010333694127 0.0000010333694127
64 1.9995855373533789 0.0004144626466211 2.0000000645300005 0.0000000645300005
128 1.9998980128437485 0.0001019871562515 2.0000000040322576 0.0000000040322576
256 1.9999747029876542 0.0000252970123458 2.0000000002520069 0.0000000002520069
512 1.9999937004871158 0.0000062995128842 2.0000000000157558 0.0000000000157558
1024 1.9999984281999899 0.0000015718000101 2.0000000000009677 0.0000000000009677
2048 1.9999996074338671 0.0000003925661329 2.0000000000000564 0.0000000000000564
4096 1.9999999019063175 0.0000000980936825 1.9999999999999665 0.0000000000000335
8192 1.9999999754826121 0.0000000245173879 1.9999999999998497 0.0000000000001503
16384 1.9999999938709867 0.0000000061290133 2.0000000000001461 0.0000000000001461
32768 1.9999999984682617 0.0000000015317383 2.0000000000000173 0.0000000000000173
65536 1.9999999996159772 0.0000000003840228 2.0000000000004534 0.0000000000004534
