 7 0.0000000000000004
 7 0.0000000000000009
 7 0.0000000000000018
 7 0.0000000000000036
 7 0.0000000000000071
 7 0.0000000000000142
 7 0.0000000000000284
 7 0.0000000000000568
 7 0.0000000000001137
 7 0.0000000000002274
 7 0.0000000000004547
 7 0.0000000000009095
 7 0.0000000000018190
 7 0.0000000000036380
 7 0.0000000000072760
 7 0.0000000000145519
 6 0.0000000000291038
 6 0.0000000000582077
 6 0.0000000001164153
 6 0.0000000002328306
 6 0.0000000004656613
 6 0.0000000009313226
 6 0.0000000018626451
 6 0.0000000037252903
 6 0.0000000074505806
 6 0.0000000149011612
 6 0.0000000298023224
 6 0.0000000596046448
 6 0.0000001192092896
 6 0.0000002384185791
 5 0.0000004768371582
 5 0.0000009536743164
 5 0.0000019073486328
 5 0.0000038146972656
 5 0.0000076293945312
 5 0.0000152587890625
 5 0.0000305175781250
 5 0.0000610351562500
 5 0.0001220703125000
 4 0.0002441406250000
 4 0.0004882812500000
 4 0.0009765625000000
 4 0.0019531250000000
 4 0.0039062500000000
 3 0.0078125000000000
 3 0.0156250000000000
 3 0.0312500000000000
 3 0.0625000000000000
 2 0.1250000000000000
 2 0.2500000000000000
 2 0.5000000000000000
